Pseudomonas_syringae_pv_tomato_DC3000_111,Pseudomonas_aeruginosa_PASGNDM699_7104
1,1,
2,2,
3,3,
4,4,
5,5,
6,6,
7,7,
8,8,
9,9,
10,10,
11,11,
12,12,
13,13,
14,14,
15,15,
16,16,
17,17,
18,18,
19,19,
20,20,
21,21,
22,22,
23,23,
24,24,
25,25,
26,26,
27,27,
28,28,
29,29,
30,30,
31,31,
32,32,
33,33,
34,34,
35,35,
36,36,
37,37,
38,38,
39,39,
40,40,
41,41,
42,42,
43,43,
44,44,
45,45,
46,46,
47,47,
48,48,
49,49,
50,50,
51,51,
52,52,
53,53,
54,54,
55,55,
56,56,
57,57,
58,58,
59,59,
60,60,
61,61,
62,62,
63,63,
64,64,
65,65,
66,66,
67,67,
68,68,
69,69,
70,70,
71,71,
72,72,
73,73,
74,74,
75,75,
76,76,
77,77,
78,78,
79,79,
80,80,
81,81,
82,82,
83,83,
84,84,
85,85,
86,86,
87,87,
88,88,
89,89,
90,90,
91,91,
92,92,
93,93,
94,94,
95,95,
96,96,
97,97,
98,98,
99,99,
100,100,
101,101,
102,102,
103,103,
104,104,
105,105,
106,106,
107,107,
108,108,
109,109,
110,110,
111,111,
112,112,
113,113,
114,114,
115,115,
116,116,
117,117,
118,118,
119,119,
120,120,
121,121,
122,122,
123,123,
124,124,
125,125,
126,126,
127,127,
128,128,
129,129,
130,130,
131,131,
132,132,
133,133,
134,134,
135,135,
136,136,
137,137,
138,138,
139,139,
140,140,
141,141,
142,142,
143,143,
144,144,
145,145,
146,146,
147,147,
148,148,
149,149,
150,150,
151,151,
152,152,
153,1,
154,1,
155,1,
156,2,
157,6,
158,79,
159,88,
160,100,
161,108,
162,127,
163,137,
164,154,
165,160,
166,172,
167,174,
168,175,
169,176,
170,177,
171,178,
172,179,
173,180,
174,181,
175,184,
176,188,
177,194,
178,195,
179,196,
180,197,
181,198,
182,199,
183,200,
184,213,
185,214,
186,215,
187,216,
188,218,
189,219,
190,220,
191,221,
192,222,
193,223,
194,224,
195,225,
196,226,
197,237,
198,245,
199,262,
200,264,
201,281,
202,282,
203,289,
204,295,
205,298,
206,304,
207,305,
208,307,
209,310,
210,315,
211,316,
212,317,
213,318,
214,319,
215,320,
216,321,
217,322,
218,323,
219,324,
220,325,
221,326,
222,327,
223,328,
224,329,
225,330,
226,331,
227,332,
228,333,
229,334,
230,335,
231,336,
232,337,
233,338,
234,339,
235,340,
236,341,
237,342,
238,343,
239,344,
240,345,
241,346,
242,347,
243,348,
244,349,
245,350,
246,351,
247,352,
248,353,
249,354,
250,355,
251,356,
252,357,
253,358,
254,359,
255,360,
256,361,
257,362,
258,363,
259,364,
260,365,
261,366,
262,367,
263,368,
264,369,
265,370,
266,371,
267,372,
268,373,
269,374,
270,375,
271,376,
272,377,
273,378,
274,379,
275,380,
276,381,
277,382,
278,383,
279,384,
280,385,
281,386,
282,387,